20
1 0.800 0.100 0.500 0.500 0.500 0.500 0.500
11 0.698 0.348 0.651 0.528 0.828 0.526 0.129
26 0.928 0.032 0.852 0.335 0.771 0.136 0.471
27 0.576 0.415 0.480 0.105 0.952 0.391 0.633
6 0.807 0.331 0.737 0.825 0.406 0.018 0.704
42 0.219 0.065 0.968 0.173 0.045 0.878 0.889
53 0.355 0.185 0.299 0.939 0.295 0.063 0.155
25 0.674 0.528 0.625 0.971 0.805 0.782 0.177
2 0.600 0.200 0.500 0.100 1.000 0.100 1.000
67 0.329 0.065 0.937 0.810 0.385 0.159 0.381
97 0.847 0.236 0.244 0.150 0.361 0.734 0.242
7 0.646 0.195 0.437 0.617 0.120 0.642 0.828
62 0.740 0.653 0.323 0.642 0.837 0.773 0.610
47 0.960 0.088 0.081 0.628 0.777 0.948 0.515
29 0.767 0.586 0.279 0.921 0.407 0.019 0.732
17 0.706 0.216 0.713 0.435 0.885 0.951 0.396
1 1.000 0.000 1.000 1.000 1.000 1.000 1.000
12 0.743 0.714 0.911 0.552 0.964 0.776 0.356
25 0.984 0.222 0.993 0.336 0.207 0.084 0.478
92 0.383 0.095 0.110 0.799 0.490 0.795 0.312
