20
42 0.219 0.065 0.968 0.173 0.045 0.878 0.889
1 0.800 0.100 0.500 0.500 0.500 0.500 0.500
2 0.600 0.200 0.500 0.100 1.000 0.100 1.000
55 0.419 0.097 0.088 0.922 0.455 0.094 0.638
45 0.889 0.664 0.232 0.454 0.785 0.637 0.611
30 0.889 0.482 0.277 0.194 0.392 0.339 0.886
52 0.799 0.361 0.083 0.223 0.593 0.354 0.895
1 1.000 0.000 1.000 1.000 1.000 1.000 1.000
67 0.213 0.172 0.842 0.786 0.933 0.253 0.273
64 0.219 0.179 0.825 0.561 0.154 0.754 0.543
47 0.960 0.088 0.081 0.628 0.777 0.948 0.515
62 0.740 0.653 0.323 0.642 0.837 0.773 0.610
71 0.649 0.181 0.358 0.197 0.773 0.810 0.348
41 0.411 0.033 0.972 0.669 0.828 0.748 0.402
2 0.180 0.156 0.548 0.790 0.004 0.311 0.019
37 0.916 0.809 0.178 0.801 0.235 0.996 0.077
92 0.851 0.655 0.970 0.768 0.448 0.576 0.394
86 0.893 0.699 0.423 0.734 0.127 0.997 0.018
53 0.355 0.185 0.299 0.939 0.295 0.063 0.155
10 0.708 0.493 0.709 0.273 0.687 0.353 0.593
